3 224
4 274
5 340
6 382
7 605
8 646
9 796
10 880
11 943
12 1060
13 1152
14 1239
15 1309
16 1429
17 1597
18 1719
19 1772
20 1856
21 1906
22 1999
23 2050
24 1969
25 2031
26 2535
27 2591
28 2562
29 2632
30 2714
31 2764
32 2854
33 2935
34 3008
35 3216
36 3271
37 3491
38 3574
39 3638
40 3694
41 3766
42 3622
43 3704
44 3480
45 3575
46 3681
47 3753
48 3805
49 3851
50 3926
51 3974
52 4063
53 4100
54 4261
55 4439
56 5008
57 5274
58 5387
59 5658
60 5910
61 6298
62 6514
63 6555
64 6619
65 6672
66 6638
67 6676
68 6744
69 6819
70 6877
71 6960
72 7005
73 7120
74 7311
75 7708
76 7775
77 7867
78 7720
79 7905
80 7955
81 8035
82 8219
83 7935
84 7835
85 8057
86 8109
87 8408
88 8467
89 8576
90 8623
91 8668
92 9625
93 9969
94 10027
95 9670
96 9892
97 10299
98 10380
99 10452
100 10412
101 10484
102 10828
103 10631
104 10325
105 10135
106 10567
107 10202
108 11286
109 11077
110 10607
111 11524
112 11591
113 11623
114 11737
115 11792
116 11180
117 11255
118 11332
119 11391
120 11454
121 11499
122 11551
123 11597
124 11664
125 11702
126 11770
127 11965
128 12108
129 12097
130 12259
131 11628
132 12004
133 12460
134 12066
135 12137
136 12904
137 12988
138 13031
139 13101
140 13491
141 14065
142 12838
143 12883
144 12936
145 12986
146 13052
147 13160
148 13243
149 13038
150 14134
151 13525
152 14289
153 14359
154 14241
155 13940
156 13986
157 14074
158 14391
159 14776
160 14829
161 14949
162 15012
163 15516
164 15936
165 15576
166 16137
167 15279
168 14863
169 14871
170 14586
171 14990
172 15075
173 15116
174 15791
175 15450
176 15937
177 15579
178 16079
179 16437
180 16724
181 17624
182 17750
183 17815
184 17848
185 17902
186 16935
187 16869
188 16968
189 17023
190 16725
191 16559
192 16601
193 16677
194 16336
195 16760
196 17002
197 17329
198 17017
199 17490
200 17214
201 18576
202 18817
203 19987
204 19357
205 20475
206 20490
207 19934
208 20003
209 20107
210 20099
211 19518
212 19135
213 19763
214 19839
215 19917
216 20050
217 20081
218 20178
219 19649
220 19918
221 20092
222 20374
223 20443
224 20341
225 20604
226 20463
227 20515
228 20748
229 20492
230 20925
231 22403
232 21121
233 22882
234 21240
235 21303
236 21783
237 21785
238 22365
239 22861
240 23437
241 22537
242 22667
243 23952
244 22771
245 22992
246 23077
247 23773
248 24058
249 24039
250 23141
251 22880
252 22926
253 23332
254 23766
255 23228
256 23107
257 23197
258 23311
259 24241
260 24485
261 24619
262 24687
263 24602
264 25744
265 25433
266 25526
267 25558
268 25798
269 25933
270 25409
271 26948
272 24399
273 26711
274 26303
275 26209
276 26491
277 26455
278 26000
279 26067
280 25085
281 26210
282 26018
283 24876
284 26051
285 26938
286 27152
287 27386
288 27517
289 27873
290 27640
291 27510
292 26564
293 27681
294 25669
295 27337
296 27422
297 27283
298 27603
299 27533
300 26427
301 27525
302 27275
303 29039
304 27697
305 27771
306 27304
307 27930
308 28077
309 28136
310 28841
311 29362
312 28856
313 28203
314 28698
315 30308
316 29514
317 29148
318 30076
319 30110
320 29701
321 29761
322 29701
323 31351
324 30767
325 31168
326 30254
327 30539
328 30057
329 30150
330 29880
331 29858
332 30515
333 30892
334 31133
335 31549
336 31215
337 31267
338 32378
339 32500
340 32388
341 33645
342 32756
343 31944
344 31566
345 31975
346 32248
347 32238
348 31837
349 31182
350 31627
351 31672
352 31828
353 31817
354 31836
355 31909
356 31994
357 32494
358 31819
359 32707
360 33352
361 33195
362 32682
363 33941
364 33422
365 35117
366 34394
367 32955
368 32804
369 33162
370 32984
371 33558
372 36364
373 35421
374 35530
375 35313
376 35653
377 35724
378 35757
379 35819
380 35695
381 34892
382 35006
383 35902
384 35068
385 34745
386 36383
387 34935
388 34827
389 35987
390 35792
391 36102
392 35400
393 36591
394 36600
395 35413
396 36536
397 35883
398 37950
399 37932
400 38042
401 36435
402 36011
403 36241
404 36297
405 36618
406 35524
407 35554
408 36711
409 35760
410 37013
411 35451
412 36364
413 38160
414 37549
415 38319
416 38570
417 38876
418 38597
419 39399
420 38698
421 39271
422 38805
423 38859
424 38025
425 38494
426 39491
427 40317
428 40107
429 39915
430 40361
431 39679
432 40582
433 42608
434 40377
435 39487
436 39825
437 40792
438 39236
439 39258
440 39348
441 40979
442 41014
443 40233
444 42502
445 43259
446 43038
447 42460
448 41152
449 41993
450 41822
451 40494
452 40604
453 40636
454 41654
455 41926
456 41953
457 42151
458 42739
459 42897
460 43005
461 42996
462 43490
463 42566
464 41778
465 40217
466 40762
467 43019
468 43521
469 42695
470 43373
471 43283
472 43437
473 44242
474 43444
475 42923
476 44114
477 44225
478 43932
479 44885
480 45041
481 45196
482 45213
483 45624
484 45094
485 41039
486 41107
487 42466
488 44555
489 42859
490 45236
491 45749
492 46349
493 46392
494 45841
495 44871
496 44668
497 44444
498 44727
499 45180
500 45836
501 46183
502 47225
503 48695
504 46377
505 44641
506 46519
507 47843
508 47783
509 48490
510 49266
511 49773
512 47370
513 47352
514 47298
515 48077
516 47593
517 46823
518 47488
519 46265
520 47069
521 48307
522 46725
523 46663
524 48371
525 48860
526 48873
527 48275
528 47657
529 50060
530 47750
531 47481
532 47698
533 47947
534 50348
535 50671
536 50965
537 48208
538 46925
539 48042
540 49196
541 49019
542 50473
543 50507
544 48562
545 48527
546 48907
547 49865
548 51584
549 48313
550 49899
551 50374
552 49906
553 49662
554 51110
555 51443
556 49562
557 53560
558 52213
559 52223
560 52740
561 50454
562 52768
563 52637
564 52885
565 53041
566 52803
567 53201
568 54280
569 51090
570 50317
571 50489
572 48810
573 52369
574 53766
575 53631
576 51529
577 52740
578 51805
579 53787
580 53600
581 53553
582 52911
583 53102
584 55145
585 55549
586 52065
587 51832
588 53944
589 53509
590 53643
591 52746
592 54668
593 55940
594 55409
595 54530
596 53155
597 55720
598 53968
599 52619
600 55167
601 55910
602 55348
603 53416
604 56368
605 56413
606 55253
607 55983
608 56041
609 57203
610 56316
611 55799
612 57990
613 56459
614 55615
615 56087
616 55852
617 55015
618 54882
619 56986
620 57431
621 54098
622 55599
623 54502
624 53873
625 55228
626 56698
627 56243
628 57892
629 57774
630 57257
631 57087
632 57477
633 58098
634 61146
635 58408
636 58183
637 58040
638 58915
639 59787
640 57961
641 58658
642 56518
643 57833
644 57803
645 58278
646 59209
647 57453
648 59604
649 58646
650 58589
651 59413
652 59060
653 60407
654 60103
655 61709
656 60584
657 61025
658 61939
659 60400
660 60318
661 59673
662 60360
663 59657
664 59815
665 61735
666 60890
667 60641
668 59851
669 62465
670 59810
671 60527
672 61149
673 59553
674 60113
675 61053
676 61744
677 60292
678 62434
679 62846
680 62933
681 63273
682 64782
683 61559
684 61815
685 62905
686 62174
687 63775
688 61451
689 61049
690 64175
691 61305
692 62206
693 64817
694 64060
695 64206
696 61843
697 63236
698 63035
699 64299
700 64963
701 63572
702 62787
703 65133
704 64057
705 63410
706 63106
707 64000
708 63686
709 62405
710 63260
711 63206
712 62577
713 64603
714 65082
715 66241
716 64643
717 66639
718 67655
719 67327
720 64972
721 66385
722 64687
723 67267
724 67988
725 65723
726 65620
727 64893
728 66999
729 67292
730 65609
731 65259
732 66948
733 67166
734 65952
735 70867
736 69552
737 68048
738 68539
739 68164
740 68206
741 68839
742 69939
743 69800
744 66832
745 68743
746 68590
747 67441
748 66422
749 68404
750 66337
751 67393
752 67280
753 65902
754 66225
755 68027
756 71533
757 68229
758 67770
759 70273
760 68712
761 70046
762 71095
763 70200
764 68962
765 67475
766 71645
767 69899
768 69692
769 70197
770 69899
771 67068
772 69406
773 70288
774 70200
775 70098
776 70509
777 71814
778 70991
779 68796
780 68500
781 69196
782 74326
783 72865
784 70412
785 70948
786 72680
787 72752
788 73537
789 70500
790 72885
791 73330
792 73564
793 70786
794 73712
795 69361
796 70192
797 72705
798 73014
799 71087
800 73845
801 73547
802 74335
803 72841
804 72229
805 71572
806 73109
807 71991
808 72723
809 74850
810 73433
811 75908
812 75009
813 74703
814 76708
815 72958
816 75364
817 73261
818 75241
819 74767
820 73912
821 74798
822 75134
823 74740
824 76804
825 74526
826 75208
827 75838
828 72600
829 76971
830 75479
831 76387
832 75472
833 76426
834 74137
835 76154
836 76083
837 76819
838 75818
839 77596
840 76485
841 76478
842 77785
843 76169
844 76350
845 77462
846 77021
847 75610
848 77673
849 75038
850 77171
851 77302
852 77072
853 78796
854 77080
855 77572
856 75569
857 77665
858 75207
859 79316
860 78281
861 78233
862 78723
863 78464
864 80488
865 79879
866 78863
867 77805
868 78917
869 80530
870 81501
871 80693
872 79265
873 76691
874 80690
875 79964
876 75345
877 78568
878 79402
879 81729
880 79370
881 79950
882 80290
883 79613
884 81546
885 78883
886 80003
887 80442
888 81001
889 80925
890 81415
891 81435
892 83135
893 80730
894 79541
895 79823
896 80128
897 82566
898 80452
899 80623
900 80241
901 80764
902 81009
903 83374
904 84014
905 81588
906 79137
907 82212
908 81871
909 81374
910 83149
911 81143
912 82601
913 81138
914 80872
915 85712
916 83094
917 82727
918 82802
919 81867
920 82978
921 86122
922 82283
923 82686
924 83201
925 82819
926 83988
927 85676
928 84674
929 82700
930 85133
931 84871
932 87464
933 84834
934 82318
935 83810
936 84251
937 83759
938 83838
939 86645
940 87359
941 86604
942 85099
943 85948
944 84642
945 84717
946 85753
947 86839
948 86800
949 88486
950 85845
951 86370
952 86175
953 86940
954 83568
955 87102
956 84869
957 86518
958 86116
959 86090
960 88270
961 86443
962 87335
963 88608
964 89609
965 86750
966 87821
967 89274
968 90367
969 90033
970 88848
971 87604
972 86431
973 87013
974 87877
975 87536
976 88170
977 87457
978 88846
979 89516
980 86849
981 89565
982 91275
983 87572
984 88294
985 87175
986 87041
987 88760
988 90481
989 89439
990 88998
991 90633
992 89465
993 89382
994 89606
995 92195
996 90363
997 88554
998 92242
999 90122
1000 90708
