1000 0.00205635 0.00149241
2000 0.00383072 0.00274643
3000 0.00535188 0.00440487
4000 0.00685588 0.00603687
5000 0.00876058 0.00757612
6000 0.0109296 0.00937275
7000 0.0132499 0.0113456
8000 0.0152858 0.0130347
9000 0.0172346 0.0147186
10000 0.0186092 0.0160863
11000 0.020813 0.0178917
12000 0.0223439 0.0203692
13000 0.0242722 0.0217368
14000 0.0263277 0.0239559
15000 0.0285741 0.0256074
16000 0.0304348 0.0272315
17000 0.0327295 0.0290996
18000 0.0347789 0.0314254
19000 0.0373635 0.0337911
20000 0.0397936 0.0351935
21000 0.0412206 0.0371557
22000 0.0433581 0.0388656
23000 0.045305 0.0403367
24000 0.0470799 0.0423119
25000 0.0491961 0.0503587
26000 0.0543323 0.0481883
27000 0.0549946 0.0508188
28000 0.0567847 0.0508763
29000 0.0588503 0.0531868
30000 0.0606618 0.0551281
31000 0.0627956 0.0564225
32000 0.0802787 0.0722871
33000 0.071667 0.0646293
34000 0.0710952 0.0640914
35000 0.0722963 0.0651288
36000 0.0752821 0.0684132
37000 0.0764865 0.0691432
38000 0.0792246 0.0717078
39000 0.0816774 0.0752181
40000 0.0837644 0.0755437
41000 0.0867576 0.0785257
42000 0.0884109 0.0792097
43000 0.0961874 0.087584
44000 0.0984974 0.0881387
45000 0.0967193 0.0864107
46000 0.0985683 0.0927559
47000 0.112864 0.0922917
48000 0.102542 0.0958618
49000 0.105749 0.0972114
50000 0.109451 0.125337
51000 0.111572 0.1054
52000 0.11484 0.103494
53000 0.138453 0.118282
54000 0.119576 0.108339
55000 0.11814 0.107346
56000 0.145573 0.122908
57000 0.127126 0.117071
58000 0.155659 0.132672
59000 0.138261 0.124218
60000 0.140845 0.126315
61000 0.137653 0.122245
62000 0.140583 0.125855
63000 0.139056 0.125516
64000 0.146081 0.132524
65000 0.154586 0.139057
66000 0.150405 0.142221
67000 0.154244 0.144909
68000 0.157937 0.158101
69000 0.158909 0.145413
70000 0.166773 0.156093
71000 0.165002 0.148324
72000 0.164283 0.153348
73000 0.186765 0.159885
74000 0.173307 0.1867
75000 0.172028 0.156215
76000 0.169135 0.202575
77000 0.182453 0.170917
78000 0.184371 0.163422
79000 0.177664 0.167032
80000 0.182117 0.168368
81000 0.183365 0.175728
82000 0.186164 0.218522
83000 0.194274 0.174259
84000 0.188453 0.177901
85000 0.230621 0.179616
86000 0.198125 0.179346
87000 0.195741 0.181299
88000 0.202015 0.190138
89000 0.251693 0.199399
90000 0.211575 0.192741
91000 0.22 0.245326
92000 0.2291 0.194426
93000 0.212613 0.200077
94000 0.220934 0.200456
95000 0.217872 0.201921
96000 0.262766 0.226804
97000 0.228879 0.208746
98000 0.232005 0.271868
99000 0.246065 0.21684
100000 0.231123 0.213791
