1000 0.00053658 0.000303768
2000 0.000974841 0.00051571
3000 0.0013913 0.000599652
4000 0.00224 0.0011047
5000 0.00260591 0.00153461
6000 0.00414191 0.00231142
7000 0.00419849 0.00211988
8000 0.00472394 0.00283872
9000 0.00528 0.00252893
10000 0.00512093 0.00279142
11000 0.0058022 0.00253357
12000 0.00638609 0.00310725
13000 0.00755525 0.00383536
14000 0.00766516 0.00390261
15000 0.00866458 0.00438075
16000 0.00913855 0.00417345
17000 0.00860522 0.00427316
18000 0.00937786 0.00448464
19000 0.00963386 0.00504997
20000 0.0100948 0.00473507
21000 0.0107877 0.00543814
22000 0.0114208 0.00594365
23000 0.0120186 0.00580267
24000 0.012307 0.00661426
25000 0.0132267 0.00659154
26000 0.014061 0.00584533
27000 0.0148026 0.00712858
28000 0.0159828 0.00699409
29000 0.0159968 0.00696487
30000 0.017741 0.00884035
31000 0.0205162 0.00770829
32000 0.0181092 0.00913577
33000 0.0181946 0.00839606
34000 0.0212577 0.00913252
35000 0.019136 0.00785716
36000 0.0211274 0.0102831
37000 0.0204744 0.00941078
38000 0.0206089 0.010106
39000 0.0214544 0.0101857
40000 0.0219534 0.0102214
41000 0.0226416 0.0103365
42000 0.022758 0.0105549
43000 0.023911 0.0115641
44000 0.0247847 0.0117421
45000 0.0251585 0.0102697
46000 0.0279638 0.0108772
47000 0.0282486 0.012231
48000 0.0279114 0.0129748
49000 0.028429 0.0138027
50000 0.0280904 0.0130523
51000 0.028583 0.012883
52000 0.0287485 0.0111592
53000 0.0308703 0.0141714
54000 0.0305623 0.0142377
55000 0.0317426 0.0146857
56000 0.0306797 0.0144232
57000 0.034483 0.015789
58000 0.0354124 0.0138755
59000 0.0342293 0.0169758
60000 0.0342182 0.0149384
61000 0.0548703 0.0319337
62000 0.0342595 0.0165834
63000 0.0350029 0.0149505
64000 0.0702655 0.02592
65000 0.0366001 0.0170597
66000 0.0374929 0.0172972
67000 0.0399161 0.017389
68000 0.0629602 0.0210667
69000 0.0543754 0.0196981
70000 0.0422943 0.017882
71000 0.0434834 0.0188169
72000 0.0412526 0.0207592
73000 0.0417619 0.0196457
74000 0.0428786 0.0211752
75000 0.0428503 0.0223634
76000 0.0449266 0.0207726
77000 0.0449915 0.0209748
78000 0.0476267 0.0211752
79000 0.0781649 0.0227246
80000 0.0477069 0.0197579
81000 0.046285 0.0199216
82000 0.0465948 0.020717
83000 0.0479736 0.0210314
84000 0.0494117 0.0214632
85000 0.0587362 0.0213542
86000 0.049453 0.0231133
87000 0.0515066 0.0256
88000 0.0539951 0.0221264
89000 0.0520719 0.0225772
90000 0.0519824 0.0230266
91000 0.0528102 0.0211089
92000 0.0528167 0.0225479
93000 0.0567708 0.0259042
94000 0.0548063 0.0251645
95000 0.0543021 0.0193804
96000 0.0558808 0.0222043
97000 0.055328 0.0255856
98000 0.0585503 0.0252934
99000 0.0572053 0.0233855
100000 0.0580666 0.0255323
