1000 0.00122435 0.000848696
2000 0.00189403 0.00179061
3000 0.00329322 0.0028582
4000 0.00416928 0.00384186
5000 0.00538806 0.00466643
6000 0.00597055 0.00581843
7000 0.00686655 0.00698991
8000 0.00804684 0.00822261
9000 0.0102228 0.0102572
10000 0.0118586 0.0108137
11000 0.0106379 0.0105062
12000 0.0112371 0.0115965
13000 0.0120422 0.012506
14000 0.012774 0.013305
15000 0.0137985 0.0143263
16000 0.015015 0.015974
17000 0.0159355 0.0165486
18000 0.016743 0.0173663
19000 0.0177229 0.0187919
20000 0.019161 0.0206224
21000 0.0207425 0.0213468
22000 0.0220879 0.0225076
23000 0.0235571 0.0238052
24000 0.0242746 0.0260958
25000 0.0257169 0.0265943
26000 0.0270066 0.0281224
27000 0.0278326 0.0290565
28000 0.028768 0.0297405
29000 0.0282036 0.0294423
30000 0.031686 0.0339919
31000 0.033561 0.0335898
32000 0.0333542 0.0352348
33000 0.0344028 0.0371483
34000 0.0370759 0.0398697
35000 0.0365969 0.0388948
36000 0.0375671 0.0394722
37000 0.0393827 0.0439059
38000 0.0406725 0.0453644
39000 0.0410699 0.0447439
40000 0.0412614 0.0470548
41000 0.0449002 0.0474421
42000 0.0444308 0.0478386
43000 0.0465628 0.0526892
44000 0.0470386 0.0507464
45000 0.0476192 0.0517834
46000 0.0486516 0.0530945
47000 0.0554003 0.0681127
48000 0.0575026 0.069497
49000 0.0619214 0.0700077
50000 0.0642704 0.0745888
51000 0.0544023 0.0638604
52000 0.0557881 0.0612554
53000 0.0606154 0.0744
54000 0.0706648 0.0775188
55000 0.0611868 0.0682625
56000 0.0607179 0.0659005
57000 0.0875757 0.0859854
58000 0.0667014 0.0696232
59000 0.0641234 0.0694609
60000 0.0655671 0.0708197
61000 0.064128 0.073786
62000 0.0649248 0.0723631
63000 0.0641688 0.0751457
64000 0.0677639 0.0764554
65000 0.0683242 0.0770036
66000 0.0687926 0.0780828
67000 0.0787469 0.0836837
68000 0.0719096 0.0810282
69000 0.071354 0.083129
70000 0.0727188 0.0969577
71000 0.083162 0.104268
72000 0.0794235 0.0865127
73000 0.0793878 0.0936237
74000 0.0808928 0.0956132
75000 0.141295 0.188401
76000 0.160736 0.169211
77000 0.159825 0.172559
78000 0.170849 0.180186
79000 0.177763 0.185586
80000 0.174266 0.179008
81000 0.180201 0.201758
82000 0.184013 0.195319
83000 0.186122 0.201641
84000 0.187079 0.193551
85000 0.168618 0.196045
86000 0.17253 0.210025
87000 0.181069 0.196871
88000 0.183255 0.223221
89000 0.188572 0.224097
90000 0.203072 0.235554
91000 0.180179 0.204613
92000 0.2021 0.231099
93000 0.199607 0.216752
94000 0.204508 0.226714
95000 0.191262 0.229371
96000 0.224291 0.240307
97000 0.222531 0.232708
98000 0.212035 0.229366
99000 0.221536 0.258957
100000 0.229664 0.238518
