1000 0.000696116 0.000730899
2000 0.00130319 0.00114922
3000 0.00197194 0.00159397
4000 0.00208928 0.00254006
5000 0.0025767 0.00300846
6000 0.00343606 0.00324406
7000 0.00369206 0.00410435
8000 0.00427316 0.00478887
9000 0.00520348 0.00571362
10000 0.00561067 0.00634342
11000 0.00636475 0.00645983
12000 0.00693936 0.00700522
13000 0.00751583 0.00761646
14000 0.00767026 0.00806075
15000 0.00822029 0.0086669
16000 0.00884128 0.00931107
17000 0.0095142 0.00994133
18000 0.00996128 0.0105466
19000 0.0113173 0.0114208
20000 0.012121 0.0122611
21000 0.0119077 0.0125389
22000 0.0124489 0.0131956
23000 0.0129387 0.0137132
24000 0.0135569 0.0143374
25000 0.0142303 0.0150187
26000 0.0147831 0.0156355
27000 0.0155455 0.0163576
28000 0.0159666 0.0170314
29000 0.0169322 0.0179265
30000 0.017273 0.0183671
31000 0.0177043 0.0225911
32000 0.0236536 0.0258096
33000 0.0206432 0.0209744
34000 0.0199309 0.0210319
35000 0.0205825 0.0216357
36000 0.0215597 0.0343314
37000 0.0306449 0.0466755
38000 0.0422822 0.0393146
39000 0.0230252 0.0243877
40000 0.0234838 0.0256431
41000 0.0240584 0.0259641
42000 0.024646 0.0260378
43000 0.0253514 0.0266625
44000 0.0256288 0.0273456
45000 0.0267576 0.0281605
46000 0.0278442 0.0320376
47000 0.0372308 0.040608
48000 0.0342743 0.0380253
49000 0.0294966 0.03127
50000 0.0308828 0.0325547
51000 0.0305651 0.0327601
52000 0.0316239 0.0336928
53000 0.0324791 0.0353396
54000 0.0331038 0.0348044
55000 0.0327912 0.0350646
56000 0.0343833 0.0365027
57000 0.0350335 0.0375244
58000 0.0356141 0.038285
59000 0.0351128 0.0375828
60000 0.0359443 0.0383212
61000 0.0363219 0.0390275
62000 0.0374103 0.0396744
63000 0.0381152 0.0410639
64000 0.0382381 0.0410987
65000 0.0391072 0.0427441
66000 0.0400584 0.0429802
67000 0.0412628 0.0445584
68000 0.0421213 0.0446414
69000 0.0421435 0.0442954
70000 0.0424292 0.0454567
71000 0.0431286 0.0553308
72000 0.0599457 0.0494586
73000 0.0444772 0.0493551
74000 0.0465999 0.0489285
75000 0.0455573 0.0484819
76000 0.0541083 0.0590214
77000 0.063366 0.0666453
78000 0.052346 0.0544603
79000 0.0505526 0.0555965
80000 0.0517278 0.0540067
81000 0.0521586 0.0567453
82000 0.0522634 0.0569294
83000 0.0543105 0.0580262
84000 0.0550284 0.0574711
85000 0.0536394 0.0578829
86000 0.053728 0.0903198
87000 0.0557241 0.0626569
88000 0.05648 0.0608144
89000 0.055686 0.059737
90000 0.0640403 0.0923696
91000 0.0619566 0.0635961
92000 0.0590915 0.0655972
93000 0.0626514 0.0653579
94000 0.0586041 0.0652883
95000 0.0620452 0.0678372
96000 0.0593948 0.0653129
97000 0.0652114 0.0676053
98000 0.0606071 0.0664779
99000 0.0614757 0.0677871
100000 0.0740179 0.0758326
